1000
581499763 861417823 662069926 589466556
11878176 506482018 611061589 845326368
795958878 798203962 876608296 917812450
695333652 14165838 300494797 827510820
473764479 837719125 435505913 716606197
705089602 419155247 788835939 694585580
929732326 713166089 869185686 513053089
925959213 575481661 1397177 946024490
261203945 598129148 385622022 543677108
789230529 383991963 564546099 743533446
359301836 61942289 681949267 694101813
34523490 208690319 410357652 604062028
357356675 729359714 305017892 685240838
284488308 96394335 689880277 846600769
136486111 995489738 943894560 574169530
423281546 272599690 353971 799735041
797681872 691793062 489511369 707727126
608880307 484720373 82797709 597682674
117230251 46324259 975702569 740944074
185905668 75339339 798859192 858678900
329675171 342789738 715968504 724767969
441038198 208422921 418188183 922298694
330215011 618924608 648062359 594493772
604951608 234090759 966306980 950074244
753426366 66329229 837279358 986826500
180290430 41831094 828027482 963857413
82407777 693534303 837261444 685745902
537635823 227069164 272981822 980412361
148544703 214825508 445264119 866533623
347502165 106345894 649029347 666791914
598551455 833880216 339471760 930815626
550852145 162977377 912087084 502343884
928471030 989400687 684429458 576482655
687302416 177168500 258627950 546049505
652929807 942808658 650750632 824653237
87513328 957689149 284554748 858563151
928271471 137401290 197017207 995898019
363489614 371945362 108269555 706268999
724459935 913332703 962592336 795078299
634242562 398894405 921785740 798898105
409212594 38924596 370639476 780608570
314147178 356816321 30526392 894469479
359527456 351948913 35400145 910262180
102974839 973783239 194985856 860231854
56875381 67284131 60953164 676118496
980614994 52192012 17800900 972494750
617748836 568737055 106932358 561323751
272638593 654213501 43000437 946834649
389150472 9772721 41347867 589378069
524677167 681291188 78174105 759674415
850640489 709039123 226744828 557329799
907798674 648485631 411453462 693987877
267084785 446137844 18810555 968901776
714648389 12414831 143112628 905249540
754880239 731768976 202316456 866062790
273168971 978341959 503981605 743331466
259591270 56682765 331958926 864149760
333128466 400260334 256634326 898949288
886255770 147129377 842723312 789048201
614622981 365078176 301086323 679353711
520298677 106453756 314382334 514115916
816011234 663218675 69104564 737744889
104294548 531812285 342118374 669788797
427556508 461947095 791424953 612959196
715687608 298699388 216809201 779975892
607664555 378929332 376252761 633809097
514114870 401908210 828177425 629461149
38621216 5189428 319353708 609131885
418074945 812086210 474337977 532077157
291900590 913544961 235045248 683056301
76196948 741851425 6828686 953092310
541948004 41956302 577893268 876615280
138703251 958761141 121655115 839076628
628805946 574507536 661663833 913717064
187151758 543537499 632273126 865343325
66022598 185737666 399196563 850716496
442549449 192719783 429014975 645077227
357555581 777405562 564755379 613418756
849577940 237668678 177870919 679299009
558887522 129110277 997925262 782595364
493939231 257854694 141825605 603578708
824132023 64871059 952136286 653905002
153092267 336322364 392996037 572179331
979273850 340926343 462659798 532422842
55883540 577281620 834031965 949471785
968810092 363183269 665639079 946678912
919162360 511911650 672573438 880850043
445404641 580786424 964235746 998582759
595746015 134511792 232369624 811000320
800193634 311809125 508826965 867913784
714560167 677151324 11935139 877902001
686292724 180122810 165087171 571211073
696112532 72416469 627833473 555534738
364438768 291991111 287430952 954283543
28660404 97546610 935834802 905286586
981006265 185832768 850092231 791422926
682402122 215284406 922533286 978001846
437208391 619871151 524225030 817670954
451377436 388325649 179341280 562331600
221205848 305472958 243566900 525057117
624676703 41280786 754892669 940696791
516373930 715223984 303510021 612256704
249816703 338797437 189358654 773128308
691425013 539158153 43048902 968390519
753921219 410434 248675067 771669390
190216400 156862996 433922095 867180837
884315724 753030960 70196141 611014966
854762607 477021067 529580588 634221086
995963052 663470247 2307874 719723439
409484721 672100860 28132570 670697033
659893431 223341710 695666785 670681225
394208375 473107631 535476215 937776313
427517969 961705769 72410385 525596490
892996318 618886322 359094625 667309687
107333774 658433295 98117844 592158596
970319581 170382550 23799591 860762978
790047957 237602477 5692935 630385199
347225749 903073123 328523036 806209615
94181093 999160791 720761636 678558909
401434800 314043305 758489648 765580727
937272415 737906739 73462718 677799785
527739614 405208967 469425502 572488420
86153187 365614410 723636573 752984832
87968652 813363607 114207818 787900352
650077661 251431070 701643033 974745337
936142546 75551279 65967478 613840893
312465270 6275976 46591699 528149323
659269321 471343175 590530213 519357101
106800451 846334713 208805434 904650040
19995878 501746124 826291138 991406602
996137099 86689460 788803324 793908919
704331821 568031862 139655488 576151412
166046160 949532246 630439435 904265131
242303705 769375224 890334374 683771522
566485868 132976326 195596326 737471169
195355898 991565071 554009347 538997021
836925708 192486507 10333959 529668890
825334222 795393182 87490492 573884493
720644173 851825110 498616060 551925208
18128462 328340117 172335400 633111641
718908401 950497586 29544707 575158858
60566354 617420157 132558165 757532598
212860522 986521000 530170284 662311784
66428094 558457997 500001381 712695139
147424757 157719418 588399698 864525235
201285850 724536926 59819984 665119675
410517993 503929119 8666103 708295893
223741233 968015713 103961912 883649971
52166495 27426999 404054927 900861658
418697559 538941473 50780503 855413185
277377988 497825258 352805687 902832042
529674550 713423614 902441067 943009693
338106102 307526353 749743381 795959256
615089140 964382970 118454650 735952548
441696515 889843574 317792280 636015254
878785762 152756447 134629756 567540539
282473357 236346161 572647816 763133043
808224528 995574822 580922769 901314703
839596382 128831485 45708921 578173265
787591179 103228993 388838923 716036423
322326476 387324399 531201706 610547545
588752448 350726739 969158197 771349868
865954991 401836597 624577735 877925609
686566284 482878436 190133609 912895111
404973216 802142548 500430141 683418133
862540078 989452275 403985328 585599526
46708280 987509384 109554641 829872931
519058410 529101335 669316889 689610436
313371800 209940157 941548449 945271244
882806401 362664485 743392402 636242168
604549874 924598362 532983635 701661807
997301379 534412019 86174771 728393501
98328759 196527971 8721281 842677154
616798216 624052244 135916153 567666707
297529927 243552874 82283906 759134858
579228386 548111652 555156373 989710181
401676763 85748152 207646720 757496665
566899950 650001559 119851594 799074856
835876908 538152661 678119102 745028068
106116122 82235445 92100863 689485722
761293345 349680590 566401130 501780143
250598439 592532507 812157203 520050488
230125333 98423485 641087398 830441186
728808056 977758352 432716990 587817569
67157431 286028143 999559185 619647198
262269290 116491965 961310040 718365897
819090348 81301567 428798847 660097581
359540272 921852494 273315324 643129535
396410105 970361742 878965669 735991170
48781828 123387199 92412362 543891352
491568239 210781443 48656722 729740791
267395319 222831841 70738157 776255030
555150492 745356477 727157758 803999013
844321374 84877090 38566724 798352518
225972569 962857866 108351841 503259031
87442842 566009525 362492236 643387556
24026142 666400115 852475470 837326891
96228957 264894109 341672925 625578397
767177025 245421166 270412846 753305669
392296625 347558664 55907778 984666489
573725840 201596429 294949008 815720179
273462812 474476705 923182817 864255744
717895458 898812339 731970345 584770137
950034598 690573142 461152398 612866546
512990513 477687865 206057761 614661901
829738748 807817666 392857898 543472546
498640642 172079501 272662569 557178128
506147824 643752202 520628621 856855267
537658590 964219202 513489522 774614346
500955819 428553694 834744791 545036486
13976458 619590662 105013701 526710257
491713272 707888849 428463956 681040100
153138997 121713474 26887343 862515054
379406039 798349531 382724254 733014212
803678699 548733042 261439868 561315097
523696911 385997772 709418188 862277572
683013359 105431499 106156688 909539944
452750173 837596291 725539945 737707948
234404712 947964565 52228632 778801786
12299548 560073125 728170267 995856860
671730301 449636629 47853003 606537441
366421481 610215219 298249432 951371526
288996278 345413411 714884029 532354081
47701060 138788599 452725944 930379487
663114913 679698509 20284139 551615068
704066680 613795791 701885988 763122728
427872515 123604381 802128011 610628655
804484571 415143286 138821892 512298200
330429480 928537797 171074623 918069072
109918408 355725415 875538428 616410151
544311536 111132980 87162318 646226755
704791309 700712090 67759675 670524814
663869896 129290839 885147148 841889049
652525459 943887832 254053805 977805782
833434133 284622529 204746226 694013270
90371032 33469905 35444659 803920717
279378053 900663008 623909524 532205210
693109810 938253921 54192096 566486527
540575041 234382209 776761258 973373093
702145563 330815655 976513273 688548935
49099765 586029908 44641806 616036021
491771759 336374789 274103011 789878445
139642264 915388525 155054337 893573530
730204238 466564040 79008275 540179461
28370510 81791937 287534272 750303753
331218294 508254235 686446718 620833124
512303294 19521436 324738632 626240995
811571921 420634151 874971704 828898116
357246522 670996821 6923342 689487439
790150964 28378901 222802666 580410738
885577891 491435259 330274844 831559257
985886722 961800050 656991151 982357368
229516551 604042646 989535146 503836452
847751546 753719425 549304093 621692598
883062642 374339678 547349275 772316562
536805777 515892993 222033604 685199327
941284386 802131701 318124612 633556498
753169059 36737774 562417631 977593768
417598482 601128579 404934957 659140339
847549250 294192778 783626222 681701487
531652071 944385778 33097639 866749484
77016794 281596196 880775023 874028173
399881034 117185554 881042127 568277806
978336232 407744724 345241884 627013837
708837725 136832745 378899626 669996209
15068794 5634060 788306300 530361138
764562764 611714548 875151817 854085399
229127348 298137344 507953927 727149646
667694244 335103334 25090228 784667183
204285261 743513722 820745532 982691642
949198471 315667113 132543293 507578894
866454573 208376683 434044695 634723649
291145542 315376529 336643877 647226279
530909809 206606579 103182892 614069837
12843431 549653627 701326434 948633240
363780063 165575833 841685558 527385899
902822323 408311538 281750193 967047500
11108811 667687767 226227586 953978094
189946355 60667622 171930977 571420605
508773946 476806647 427812364 760146975
806515725 193010212 222309306 523955546
437925729 584247613 947359377 618285763
648479907 522288425 335876878 641175968
922547888 223400855 689716799 746509671
988591530 176867872 500940449 670230101
402101895 788490735 42180701 761438197
240235217 364035760 168091210 667970663
82433075 911696367 377980594 756210915
225148362 995312699 470388802 730285989
840603517 521375185 19437727 565358728
913010071 982584061 934029568 629489806
934235031 435222801 253276495 798458494
463121458 201607879 487389158 546948846
735768465 642730408 320184616 541817114
989588525 900977308 611382329 586547992
162178621 372313683 501684594 792173235
804449699 622028160 476874717 924398015
64246418 398251464 853294588 719341233
31693324 93752013 584552432 628034983
501851083 442870213 934311160 567239255
910266559 176555886 699842687 781101173
796403403 33906118 215415473 977909513
825863499 893995711 235798489 957875907
482967844 545347027 187260586 725126045
620264493 899711314 15679063 670518645
163681417 860002291 493543719 552952257
910353541 638462360 454062232 914535431
453050141 229686104 306219461 552658196
849061992 949043808 218217979 980499362
214264414 604908658 512213301 654492728
441068561 718733862 164487452 729152074
317234743 355408679 201628838 839680684
398228358 110463786 138963486 537580294
837833424 209062368 220934254 535776698
796554318 275367229 269741711 710957960
74932523 965496920 720280901 895784968
201102417 582040720 570352148 689034872
22814432 190069459 982176094 519812753
529480482 953711454 3427940 924324496
976096232 414770370 106652198 647641926
74237997 822995251 138996423 798157069
88544873 114996788 601673964 626814609
465861735 805781762 742179145 719868237
299114964 113465969 643002795 603259243
500828613 83581030 292049265 971863458
745042427 98408580 976536218 719697290
927963837 261963946 279525842 589602243
558861554 840149748 484797381 729621132
7264057 473416699 287531151 697849106
341745082 131299675 726388958 622167554
861737930 392652721 889996387 945674953
432480431 613942370 663450526 877895257
572946316 985038443 589659971 925585336
734232283 800944720 50392836 636833116
988712963 70308656 561558735 574514223
963604144 913644760 912367040 912597082
483979299 365002036 375906412 755172394
554088995 84645574 796949674 770659962
404629180 314896790 70626514 754359392
525843814 754753072 741940046 996298638
257736110 89263350 98499613 859094622
667276076 542383277 560616795 775714174
451424384 29897038 115811106 755581483
590690781 70539834 737957242 922300251
356383510 198739666 673457147 700961677
718612255 61117636 499886756 933676411
32953951 599252110 79375178 557262625
926288903 821614197 342920539 912385810
38579801 663632592 790378065 843293498
592745044 882294654 351650436 813881308
183306524 134177649 851857741 692573822
726876421 725023612 442595576 613488008
823978016 623959057 510184468 561146589
590044153 585576204 9173265 642233039
154399554 626037081 75795483 522870876
577264503 546363354 88799299 596167271
814161890 570194 431772672 956055091
548778294 22007041 91091150 899108507
18259760 387581956 564994911 989777528
386094145 536197429 821768161 783143452
157754300 27194634 793663666 877298327
923290586 28045681 64825066 533670615
155861785 786454803 976988507 585872186
541325414 315504407 338405776 842175358
169553528 768324106 404063324 748994653
951494711 253867147 842599879 861993417
391705856 8438669 94772374 553907388
972889370 411153333 799158524 887579912
927197921 67094194 809144231 566149351
523096758 682139467 450297375 708604980
123599148 152667297 783769353 939820557
821894621 968077644 144836228 956507327
749092446 447601209 991265993 529410925
388177665 46696070 989300528 855579020
562611731 444865177 458437824 586177916
384762230 418517072 800446949 567302416
13848127 610215192 297795643 914474389
427117247 669222056 36197622 574067976
467441019 579004186 867911315 569536162
49195150 627639112 83843090 694536581
899218325 112942915 441968805 816766046
671480305 542921151 217751947 944838741
14144780 153611222 468447653 524654068
293083101 667675937 820379354 563784319
14733964 111587053 690359133 511803590
814441606 259306065 912697885 737662674
76978498 992460393 776322095 682295137
564721578 545325354 615981053 922379228
536266302 38871256 474154097 943577906
340162046 502038809 302996993 786734313
586800819 116457910 743452723 943052597
101228271 536502274 857352204 696216642
822210045 619936449 828709938 841988909
141354191 415953134 658013923 992217196
587404928 532299638 90609302 890623758
545510115 573792341 171778281 859547198
287280224 775486313 520192141 963386850
367083928 652038644 204422260 898572264
992064343 355356072 110441567 558540943
539636963 647974439 409784106 554408996
416974342 848625834 415475503 572954262
76602644 556406665 383002809 912716186
338276580 818245030 551905593 895430157
76750977 901955749 83192463 703871444
230942343 737987251 279144256 973225542
15268098 60369094 804043244 733206722
347720879 841809867 676151426 741040502
55593513 204786547 578676127 649224610
153626670 728098997 798005166 537449445
993125736 221340469 420547649 568649848
788795185 657099943 163307251 720866691
254733621 18554608 462151034 571560882
718925838 36539823 530422467 898779555
784530790 59394951 818512441 751348589
711907770 402492954 918551599 984269754
348251636 965286756 128516778 760422608
540618358 962411028 395301585 666818921
301480553 69730999 235790702 826999798
871458409 763007524 242582823 958539537
544707564 177240988 329450120 855324873
189624300 149877953 421333 638892789
452886530 981864743 936375246 898594305
569495238 964828966 231396258 631507132
65719145 173548967 554678936 762365725
796812784 324437997 368419039 823434171
73507536 431039106 804874981 827308597
15498357 635364813 287702399 574042334
36475925 811010659 370400074 551946449
582113757 443396746 400838125 730166236
785880205 264176386 956782923 586033508
501686717 620833076 511429330 863194014
846280716 448778310 447449676 591968122
63990357 182580109 662722171 521334652
131245403 168761331 338754201 962708010
695238283 411299055 100824530 779268994
464248104 809794378 610223199 932402906
310979694 808003908 228059899 891896242
457312233 995705997 638097347 761773295
973766105 907031527 639931075 516468731
954089742 125901646 757555220 947523121
75397494 190329929 271949512 603242750
223630762 258813263 13087835 862417974
895266126 467348801 29079452 759561893
710460786 498331561 65284197 660350746
319517133 415336832 37244443 988119347
434333489 546033471 986906659 924012029
61465298 107629280 744061379 642320371
78198735 26147182 369007078 762182794
266281210 32376123 832119763 523347475
204517116 345333413 163336221 707765480
502518434 921620235 664705605 997171541
103219110 784278642 909472579 864519551
898767054 177903581 728232436 893247598
901703863 937707141 808900293 761250679
383587485 1930680 29645825 834170055
122883576 217971997 995718636 996049566
573538108 548373421 305235594 903679319
926991848 751108930 978892637 876330392
645557929 804728060 212478807 513487931
644414119 908066213 850029501 530115201
487526162 995070008 331943391 957541275
946787306 947911320 157339918 859632368
718732414 933146302 316806866 961035948
906685756 123541981 900854857 700865631
293885421 912861226 835434407 897994362
76187825 588521164 112992104 621255103
120018765 106712332 365301872 620299574
531369128 483930071 685093878 858487717
411429784 796014927 947224118 992471398
357822840 767238859 137164749 577983210
491797992 777272820 481244232 848392621
790865521 93498743 61284345 506831240
996017389 429228559 646804033 773161517
853062580 614933267 137587229 736153628
673764428 70449344 571596881 927421318
526810699 825320091 557876657 819371397
113435526 338385525 708804612 787323974
907298658 480146238 721743479 500525035
234328657 24213249 516123362 798894900
958840063 507651754 150483140 581881458
834165167 40714154 28464656 664103755
912325825 219879774 492966902 802811788
968961173 754917989 366216417 604183600
607605087 526934303 755232064 556945875
501132851 108963224 688821716 735235219
477437702 296552323 638309745 891067448
16167261 140216106 615494553 981220056
838572686 103441989 673695402 764834428
131643357 621744690 7561721 888309674
117887685 358399262 717728370 945069391
595712036 563426739 257785942 926806577
932276947 530938296 478349357 731864116
404861954 79645761 162449748 841199298
151770092 382342187 754048278 988407398
377145448 104797171 389445650 530367137
865387957 816135816 609567893 656093199
380862606 302045914 981801929 673672539
880592796 813310896 375777687 739174966
120772474 450924104 211608858 777156974
285231675 705261622 369816353 978765836
789192535 99931874 15756134 965850940
624383810 413595429 686771635 993750464
776754728 156601962 134669528 528983925
843557894 137970612 175677472 614252663
790632719 682784245 195157918 811598856
873347502 93717448 796597055 786643369
998800850 759195930 605631875 575431729
162223669 129435419 606093070 884285151
239240969 833578800 923045411 995352133
133189655 279044921 951169038 722748781
467777738 795789478 305586423 857611382
360781513 308553511 478813643 799672591
144590818 126851948 135368913 753134000
447551581 157185005 403476418 622283744
270553517 763058099 738091780 743001386
403410100 507677122 576843116 761068052
254671335 119197453 542311691 711992768
683587499 17584244 333112461 924259682
283273430 798271190 213530713 658514637
68793971 312542021 148729578 527052338
549595249 513162775 225394843 842968377
819909787 968710958 844504969 668586342
89237889 316088327 769436050 558165500
879005211 900573565 475146092 936168696
118598653 8693712 672269936 722342867
484538177 168129994 465291477 665895210
560032856 844364570 663371807 702348669
449501323 68749163 706920803 631396198
201251407 145653425 13223233 990568513
795277158 284975579 696006636 940106043
928584433 954902683 904082343 965136274
497894230 157529830 903982898 586759545
422782598 831220311 731605012 887069347
746548266 637240889 399635604 639743997
477731408 583396702 885505151 916394530
486672329 884105728 518578673 556112966
931322913 528874387 356990569 518667108
791496078 953852007 218218564 990331457
106044260 667429389 178635834 943318916
636755865 837788633 456243223 563229168
877739599 104269151 897926676 586056061
880734988 701143124 869697172 726668320
771476654 849346840 441500041 528184084
285532089 459352426 925474588 727345295
618965052 534842897 885490376 668071105
623078122 736712261 325223796 690457756
669377158 348046452 18731174 720736078
603510673 431594909 408837768 536180020
529242327 891502594 490675432 944781144
46112001 910287888 327994158 800287041
734233733 825314870 470127310 837361856
80391808 170881672 615587035 888081384
575984949 870240815 419219759 580127349
814132358 149720801 654134962 870512723
694277449 442431193 145636606 669070230
235502821 76529705 685009153 789002904
811281661 630180203 842286588 598483492
649641854 516757409 510866365 784371232
69193841 590706170 181682302 960187324
321776262 729812289 676016398 764620294
34648321 366262711 89234667 616458045
142278186 558646501 373220816 570005268
343525104 983358371 62955855 682612399
412458430 111620495 252418826 916001139
713906829 640939215 487396346 667757562
648328215 120284628 841614162 681921589
728951283 90007247 923296034 619610216
244206720 541093624 714760362 746878200
740007492 228118268 518382151 900651362
782713885 380422252 697955438 981366551
153230504 305166554 536285812 659771208
713146298 536575158 727808523 503988132
249553659 5762801 11594062 733383542
172050972 940676121 961918204 702360011
994597772 985024335 352546815 846937632
562679419 582497393 448699249 973193324
621263819 308492798 605893898 684284996
3014894 72178156 355947685 816296638
975568541 342823743 140006893 601257183
64460898 62554599 28603779 793367493
798013531 178040003 666571920 945068426
579493281 705234623 916044161 643948583
673754055 896110333 623533513 507555631
285955044 125506170 139198183 832677221
406120206 752250655 633490466 643335620
109103149 331547862 397814440 950699968
136045303 236302045 831190205 932651700
197493158 405271892 379522331 605385526
84516450 419757993 388791149 767587066
694579732 873429211 674005224 822557227
367095257 842445147 615884151 793747317
93736013 754130750 227013849 990803069
235504748 108916794 701451284 899503543
422166679 862382844 701308698 505032547
19673484 525721107 839883361 802631979
887407149 171003407 514103533 504362631
894319603 384500847 320403476 572713484
763354829 430282404 971886349 526243943
37320654 768964011 214507001 887117879
562225590 190422909 480159303 586855479
35145336 715616384 101620812 691487918
803440716 843920055 782342789 585879526
664688794 214629065 645635334 751185631
120556311 112839857 64378068 963426173
27985589 640832787 639123174 822978508
5114083 639004258 971807330 552659872
480724428 494959961 233377820 575881316
525003886 877490127 999322310 933456367
233135641 93524738 498182310 704339901
910870650 739578735 257412079 585742076
691568579 804588268 803456888 822744280
966905285 561346725 451707574 787499456
958163434 20450033 692261459 564937351
876871677 549489626 885423852 550002239
721524896 976256111 954356267 603415409
581520832 215524506 308421624 764194354
507843970 233590613 150287745 738356726
797504419 4307785 972438846 929131050
948482916 174236110 11568033 650402399
17879666 648814461 850153400 612485690
199923207 444916142 960501511 514320877
569317371 477407013 573724069 671848036
677448029 58210657 679909516 978749725
872886413 934129213 449701445 637232320
859177554 517107651 161954141 601467036
47470526 913676024 290337442 618541709
9668490 875511415 162385854 914816485
130779874 141571438 772239361 783261503
994353810 386743717 716118989 606485716
290091598 781608897 343246373 800715168
487313281 564662688 555544316 921905500
164254394 900092142 766782896 563762808
860186395 292829162 694673649 804425389
171465769 695103888 299989129 773171591
64410939 15872264 270130590 597391755
273699463 949881346 262333617 757173628
580068032 420635023 96648830 879248677
697556139 712799201 352371433 839771390
378734357 246808392 317705179 819592393
722266292 197491732 381288301 514267642
71102822 24221623 11370247 559687513
482686130 105547123 108987032 588979576
269656257 922216230 298680403 545245563
818990687 199277718 333583945 758556683
202753300 411143890 640450023 648493179
538379927 995806857 978746298 857289850
2738034 713959430 170482345 553587316
242878015 477363737 53405760 589927517
169315115 56284109 867177053 966212967
620992113 36897350 303949238 758730497
18596192 954048708 229204978 809886172
798567117 537720248 853004753 997539943
42018871 482023613 62530399 621907992
397740594 502548826 284918124 877860902
788554023 898857503 343558047 744052790
290994048 709679096 245352804 768969971
918237854 6124837 653882174 623876717
877340868 638226753 789182677 934248466
661041652 987117812 970854979 871877530
761246132 349150277 243365127 574337339
699657666 318920069 117883609 728401051
579693064 560998788 253402778 773413228
434130608 431179798 22001777 502669521
355507244 503722533 477037427 804576720
609436880 456129618 446831707 650185990
882648705 7235107 779815819 771772292
126678122 361375787 559081586 743260275
459590229 981784192 375533167 631499236
346986689 387180419 258813493 516987057
472166332 540444838 193527227 821862629
826911002 526530878 417319030 699346108
335547836 260422631 351469824 573302715
532635915 299982710 310765585 856957591
464405866 106795243 197260557 936425916
353715707 458131232 875703499 536270183
293634317 987523592 555369920 931310960
328030736 622058104 980143525 572652181
733035308 10738718 96990271 675396624
543495884 80350276 265815117 581681041
760723942 162637535 849834953 555314257
599310440 912260651 478988616 738471894
792637156 11618552 644953358 881121495
358259656 873375852 570179089 720911291
46360462 436699552 657731857 546501228
9575135 453977577 784700619 766227305
670384530 99078480 912170128 605069006
101766745 996700204 167865220 810235767
42241053 275774262 461272978 991970960
140389866 240928388 276725713 772474374
41668414 34343755 335351013 747385761
77156727 485966480 758303012 630761383
20311488 511236100 56022823 770744157
68716994 373294651 163449662 759880104
616182122 6778621 904611627 770877873
168598159 891306499 135368992 961466370
698337369 751008507 84061854 930824096
735242076 592666495 916609872 561918770
328716883 416712498 535742789 623118236
617946487 388668696 502481269 796988077
519626703 342983551 678416302 652105789
729467985 977261751 883299994 568547447
25706937 205255691 666623325 809032259
82730759 472420414 722838332 928854845
808260583 601551207 711087744 505217852
46115133 962927412 277211462 994006873
791253497 24276787 145533017 575533553
519108182 218135692 451973208 664047416
172424060 975736618 20193426 881489940
859241381 235342971 891902662 565179556
445656010 510577913 85797217 970806105
508451187 494647075 417153758 862098636
970603301 436875874 119186995 866577699
88287497 522719159 778267207 514054172
132751281 501227691 348417227 807912464
838711466 140950155 274775637 564290007
130885400 560641851 342308492 570134731
933385361 832699571 30745491 843391955
893040388 359570812 80616396 650581699
487385023 770430482 91681335 642422444
42762095 442992568 843247998 724515831
101816030 470528130 131475848 746899957
105677391 943913047 884863733 580505055
530267871 154972848 878459364 609453006
123682202 548555875 224256324 535232366
237900982 934737408 81700220 832054230
672928704 56821605 956432669 848770087
692485642 37796933 745360258 790738637
108493422 821284408 95124111 523100207
343651134 161082356 127240196 779745404
28820033 632947566 463221363 526222948
684457689 403460623 356800374 762538776
599831935 87092528 120716258 592092559
256941818 979004657 904528656 876384279
551236738 184380987 865307659 966567329
134303306 23329524 50247883 641087076
14564428 557162795 999356415 506659100
439862344 920681213 62432025 761531561
58426414 572713420 572727279 805672298
49934958 383711708 149267608 979787960
142632882 77571232 217105688 820581963
132065465 712136414 950328560 836225179
700120388 653437782 890393087 670560911
519574624 822196867 752942063 869116455
807486649 124439282 949407235 676896817
29470512 389656375 70016691 535477848
465255758 565565980 704787431 990039609
685440506 889280413 442679942 738431984
914881978 438491727 714046024 625901314
941510391 98609020 50364004 652253693
67806866 902137462 989759207 974662387
896473351 75321484 853275275 894747643
343156414 81752835 777830604 558997520
19898110 213064417 118400162 527177350
503188286 87899495 651025100 849674235
459609453 950376891 1023844 527876932
376161078 94864826 398721210 658397828
105585108 747417735 218004034 679693039
531910983 646447399 721648013 897999879
961924236 803739837 783284022 579801643
592924269 747045582 51174436 595287050
259660880 433639457 766322720 919519363
862639128 506701978 12962015 956737757
681433617 117490047 910710106 981794755
553132736 45186090 380870431 933577495
724944194 462339128 730851220 602989084
462221402 106752216 828610837 823882048
11041687 894039768 183285910 994739571
427794709 170424008 720584197 991308928
544048469 630228136 854917941 940235954
6549604 557528432 909187956 875828085
586230960 921750863 67191821 802527993
139714447 981084559 708724640 590718215
177168423 50329198 360214216 656922802
84626890 482944495 152903576 959960018
399905518 735709564 652764493 666364972
261894298 108968715 781108953 823634343
539337142 110871608 550776899 545818304
707630439 380351188 651066436 837403769
430352144 203561113 310159713 911485121
329591403 875363187 611580083 969720438
838021190 424383305 609977218 593167532
747637757 620963303 907175940 565125264
887641821 820168417 20521264 742007650
485052228 424871985 440308813 541572529
777309628 99893096 364014289 954728564
918193763 265087400 442831114 777207881
140825624 122262153 511117063 909889841
38501758 144942469 801603978 893140613
500113064 149272291 558478334 841822145
675553578 75922336 214376604 843019147
276695081 905109191 188979560 551151007
701515849 691652114 268081980 733146454
482280250 873856551 59352594 899630532
451021796 853535110 966793581 538442663
506271486 574655789 5868356 638206914
810287287 97605561 365097767 630385872
4065405 755268779 819493007 906340436
158722584 268758293 655482580 897608334
30666170 10243911 370703610 565513322
967281686 445067391 355059806 926099814
749094800 132659818 525518733 940589064
646302080 219750613 469641622 764338227
381927738 230871684 904909698 631101615
899633675 858300846 607623593 837981448
549468509 530527242 12215720 591654956
137611330 141219139 86579585 735163198
414464402 259232125 817471951 943702336
241938768 871308584 185344165 521088386
683726131 993067199 237492302 508503585
227867034 797897838 381054590 881254159
440459857 432685391 763720988 848887197
116763669 439910104 930388146 998131397
245168014 665176353 612060360 951801390
71269585 117997226 844932971 772081371
878917934 581192673 142590324 509816183
813865150 308228308 455577762 909239761
892060074 270324012 53234403 857414067
339475602 495371314 59041817 764364172
214491449 125718609 976219654 841657081
652300481 310166233 21049954 744770508
426743951 483182056 205129077 686139086
745463011 577229280 308858653 812401555
728430162 68944835 700612814 546728396
929126513 121201586 220541738 881211228
469896091 39209997 310880298 930450719
109333586 471061718 155049708 522778543
379895227 223176237 62045721 772864050
941514197 15092815 261854552 795462760
256921552 283888926 759982487 585922037
379171171 938868927 653179704 554881664
125642285 486437573 879007053 931532057
103512176 60366541 761134973 628401416
218039573 984001630 343813056 735021759
977794968 48138911 55282606 567335276
127585410 577779674 969396023 973524157
93594564 524281054 466254130 665335007
89107078 265031497 503269394 658103069
990527632 297658059 42545519 536474149
30217489 59196932 430869333 599017430
679131777 292192235 727259795 871451226
245793553 441192091 647402117 735224714
93892359 441375747 793646284 792163670
643690744 280699401 840726987 949068634
238996080 805675249 892477378 987013136
169598035 516353255 160701028 660745055
107711459 125260640 160059122 964137408
889822544 964357879 903771637 538067827
252347679 74721776 156896085 635577463
566777270 735602446 999915914 527228820
410279217 785788181 864995856 814056987
988459830 903848197 824794940 614610578
760165279 717628151 908155498 703175655
67247047 437699186 71689896 739746872
935874220 860763491 47625169 572298696
837957758 358281681 96049572 544937704
543265672 713165908 866143619 777156905
284071992 541822264 76110960 589646493
302571304 867608811 487306540 805871766
900438532 353146916 842883743 690444727
53892659 328799358 655369368 849342513
179325093 997281311 197112335 947230669
206101575 851026993 969565524 881848432
45459388 324734363 54475106 528068302
487067662 86016518 9063942 952325025
927596987 538766937 57816176 992368711
986433886 420567163 103609456 547884659
35085931 717196549 96671625 762364241
564883388 762877308 201526158 761421570
753797420 67204288 719031865 878073385
271776318 46859458 587878996 703021309
224131376 289719595 971788609 738016026
366326813 19130143 545233190 714497964
235249827 326448263 942704995 701498783
404840658 928745311 511278773 773261546
428800977 50384755 146477069 823839220
438715138 966942794 44260033 849032768
812397915 63708358 92478469 593458823
744904396 571500141 655983595 728232851
900239311 299806863 650272349 876085443
616679572 570464761 79716043 905222617
95397570 762631838 370879162 514043878
959740023 393872523 63855776 568194500
181706194 214256525 826806495 563077112
824089509 143316839 835401488 844724730
25141151 79003555 460816809 915073163
149799726 833160599 336792145 991682908
197561100 399689439 251536650 828659252
241120472 3109594 516300600 775762058
463198580 350313686 469427367 603833475
768999057 803541932 397556912 917394166
858662956 251172231 291798186 546945998
84408225 748304065 82166815 938670068
812978821 444082334 979075983 603338348
79368797 157004971 318107205 840997050
296577699 271842407 157600472 736791535
657649142 803777064 408958210 558476808
419685377 108813070 751140595 511103096
968175471 641547779 125596904 516731294
72018789 31988394 758009401 991008602
145908136 437674035 648977040 580663550
443115785 766689278 844796539 981040654
367353015 86637981 130617194 554892323
701294194 54242401 557423981 801180451
113896170 637978292 908265944 911957931
686174485 547385006 79835287 761872878
145502484 623858303 964295637 650682534
34635221 939069589 85243712 612470418
297718158 905162575 293225870 919710869
786313176 98669042 59153757 998256106
944646081 113059675 463891901 765541495
277900191 684556491 271030450 688953246
401903801 961113593 64148010 598813276
749870601 641150412 534995609 657170474
159270708 98165195 387953239 862730964
506250307 218700336 352010327 713113788
197217816 72566192 642239219 861743910
700196809 144866951 118330107 997246611
761426696 236405778 220125666 830740066
60610826 571882483 285049580 939758247
567662643 583680928 13019170 562853580
214670832 200146465 902229246 884906055
895321621 252569619 509883253 941077023
257494405 321894709 366029140 604102710
602558312 457649111 569651862 949741691
459175389 452019253 83403856 609269945
590965718 41933630 196844964 541488949
958604952 851108471 191482623 817941553
497379727 100212497 644241024 646342194
704478743 96887691 391779981 754274348
889521498 554150120 757451572 705511188
872832340 232345724 909296215 547853451
907079171 86195523 77138752 976872845
789441407 987756284 171257070 982483893
1550771 86983012 280080848 534658112
530820047 845460292 899302284 876574985
254477378 6845801 240727308 837669992
964266266 157027332 48433599 713186947
72329674 169086717 719570831 846540358
121158434 288281461 216369165 619737166
419890011 253129414 973918162 522191299
850997458 266166165 39260224 862100522
647829848 334165047 642191217 554974297
535041469 927939495 852831144 727177128
733078122 730313616 511884699 719641594
784893357 858091226 232023901 942884799
576014579 13727156 724522433 609248323
227564764 805591820 844791244 537559329
46933932 130570185 912278900 931228105
40935757 250974369 468320268 531178020
419478368 131601523 504580999 872923574
765732368 587391084 299606722 788508083
126794343 521723556 225036761 767135143
145054716 540672468 78842411 899986862
351880620 680595081 263605637 954172682
519891032 490593760 219586679 509403788
721699422 614547299 447579062 619074977
234885531 646176332 460792238 709112983
675164885 985610026 606320863 917834809
71121365 128852402 397260940 737960057
780127285 211614061 157565565 650109587
391555676 986352125 193876874 548924201
972327694 708483036 470525208 582382600
270418077 841223088 551575007 927233935
482913624 781555134 232630210 895701928
598461329 673637603 86368407 687866461
67155033 38703535 388708052 663971173
434997702 765021705 528163116 580572942
713279321 831830494 456553881 842007236
449376080 756768640 612358138 954584324
641435730 242406171 344020831 932128892
397099786 824412074 122199044 597961358
506104945 70568496 72195830 567054255
699432757 833841800 48319116 936554813
414638580 246179546 486108692 793988638
896685407 698884451 208380638 855038253
460381446 247382782 234059675 798400065
25094998 303310084 753870649 943475827
126475395 249110392 145692110 601925956
963616570 329509964 506601106 819611831
48960758 983180062 213600140 532378840
67319477 300525127 837233516 570848266
833878416 309235969 211467013 833647090
923345409 949455842 700822476 568545721
393204151 567962617 975854775 858591285
401119609 459079109 626803063 771791304
91741351 796606290 148843824 592696597
422567800 161572550 923479812 853878797
300757277 798533149 114286909 908206268
659977758 286120530 404823847 939198216
496133765 634165633 460436963 680456998
486868014 670994807 766052622 674949571
661845342 462350113 122497537 672282271
740172541 854613164 905777982 691965275
236445227 883161818 686668833 765957253
30081764 718529082 810695863 874624611
41267720 535309216 925957799 551733368
148345037 6522693 105218447 527397246
697025256 173161786 282757387 715087882
163560969 983116402 498171589 878640314
3229625 31689710 32994707 991259623
